⚠️ 49 Zeilen enthalten NaN- oder inf-Werte.

                 datetime  return_1h  return_24h     RSI_14      ATR_14  open_rel  high_rel   low_rel  SMA_10_rel  SMA_50_rel  EMA_10_rel  close_vs_SMA10  close_vs_SMA50  MACD_rel  MACD_Signal_rel  Bollinger_pct  body_size  upper_shadow  lower_shadow  vol_change_1h  vol_usd_change_1h
49361 2018-05-15 06:00:00        NaN         NaN        NaN    0.000000 -0.000816  0.006371 -0.003857         NaN         NaN         NaN             NaN             NaN       NaN              NaN            NaN   0.079754      0.622931      0.297315            NaN                NaN
49360 2018-05-15 07:00:00  -0.000228         NaN        NaN    0.000000  0.000228  0.003090 -0.002047         NaN         NaN         NaN             NaN             NaN       NaN              NaN            NaN  -0.044331      0.557140      0.398530      -0.512820          -0.511403
49359 2018-05-15 08:00:00  -0.001203         NaN        NaN    0.000000  0.001204  0.002495 -0.007786         NaN         NaN         NaN             NaN             NaN       NaN              NaN            NaN  -0.117116      0.125585      0.757299       2.340891           2.354741
49358 2018-05-15 09:00:00  -0.002311         NaN        NaN    0.000000  0.002316  0.005291 -0.000800         NaN         NaN         NaN             NaN             NaN       NaN              NaN            NaN  -0.380207      0.488407      0.131385      -0.800403          -0.801022
49357 2018-05-15 10:00:00   0.010057         NaN        NaN    0.000000 -0.009957  0.007856 -0.011459         NaN         NaN         NaN             NaN             NaN       NaN              NaN            NaN   0.515510      0.406734      0.077756       5.964448           5.903351
49356 2018-05-15 11:00:00  -0.004081         NaN        NaN    0.000000  0.004098  0.006985 -0.002221         NaN         NaN         NaN             NaN             NaN       NaN              NaN            NaN  -0.445133      0.313577      0.241290      -0.743904          -0.742911
49355 2018-05-15 12:00:00   0.000000         NaN        NaN    0.000000  0.000000  0.004406 -0.002110         NaN         NaN         NaN             NaN             NaN       NaN              NaN            NaN   0.000000      0.676244      0.323756      -0.000206           0.000278
49354 2018-05-15 13:00:00  -0.000088         NaN        NaN    0.000000  0.000088  0.001346 -0.006762         NaN         NaN         NaN             NaN             NaN       NaN              NaN            NaN  -0.010842      0.155168      0.833990       1.244610           1.253763
49353 2018-05-15 14:00:00  -0.027566         NaN        NaN    0.000000  0.028348  0.028638 -0.005911         NaN         NaN         NaN             NaN             NaN       NaN              NaN            NaN  -0.820511      0.008393      0.171096       0.799994           0.836328
49352 2018-05-15 15:00:00   0.000297         NaN        NaN    0.000000 -0.000297  0.003917 -0.004978    0.021443         NaN    0.018106       -0.020993             NaN       NaN              NaN            NaN   0.033386      0.440354      0.526260      -0.412486          -0.409674
49351 2018-05-15 16:00:00   0.001752         NaN        NaN    0.000000 -0.001749  0.006311 -0.004036    0.017245         NaN    0.013357       -0.016953             NaN       NaN              NaN            NaN   0.169044      0.609941      0.221014      -0.511162          -0.513061
49350 2018-05-15 17:00:00   0.001302         NaN        NaN    0.000000 -0.001300  0.003878 -0.005422    0.013669         NaN    0.009851       -0.013484             NaN       NaN              NaN            NaN   0.139784      0.416960      0.443256       0.230621           0.231766
49349 2018-05-15 18:00:00  -0.002304         NaN        NaN    0.000000  0.002309  0.003385 -0.014853    0.013642         NaN    0.009968       -0.013459             NaN       NaN              NaN            NaN  -0.126616      0.058967      0.814417       0.833821           0.846552
49348 2018-05-15 19:00:00   0.003395         NaN  30.630050  105.831429 -0.003384  0.003273 -0.012220    0.008427         NaN    0.005359       -0.008357             NaN       NaN              NaN            NaN   0.218408      0.211241      0.570351      -0.233670          -0.235700
49347 2018-05-15 20:00:00  -0.005084         NaN  26.694064  106.024898  0.005110  0.006793 -0.005959    0.010247         NaN    0.008588       -0.010143             NaN       NaN              NaN            NaN  -0.400774      0.131933      0.467293      -0.089585          -0.088771
49346 2018-05-15 21:00:00  -0.002328         NaN  25.110758  103.758834  0.002334  0.007449 -0.001300    0.009452         NaN    0.008953       -0.009364             NaN       NaN              NaN            NaN  -0.266756      0.584657      0.148587      -0.722648          -0.723407
49345 2018-05-15 22:00:00  -0.003801         NaN  22.744604  106.143203  0.003816  0.011526 -0.004684    0.009758         NaN    0.010475       -0.009663             NaN       NaN              NaN            NaN  -0.235380      0.475645      0.288975       0.799209           0.810285
49344 2018-05-15 23:00:00   0.001772         NaN  26.221302  102.490117 -0.001769  0.003541 -0.002949    0.004618         NaN    0.007108       -0.004597             NaN       NaN              NaN            NaN   0.272545      0.545636      0.181818      -0.555127          -0.555276
49343 2018-05-16 00:00:00  -0.002250         NaN  24.698503  100.482966  0.002255  0.005843 -0.002954    0.006152         NaN    0.007674       -0.006114             NaN       NaN              NaN            NaN  -0.256352      0.407851      0.335798       0.132902           0.133848
49342 2018-05-16 01:00:00  -0.015331         NaN  17.330231  107.824897  0.015570  0.018257 -0.006156    0.019488         NaN    0.019116       -0.019115             NaN       NaN              NaN      -0.002308  -0.637772      0.110051      0.252177       5.838545           5.942370
49341 2018-05-16 02:00:00  -0.023162         NaN  11.726051  117.251690  0.023711  0.025374 -0.004109    0.038720         NaN    0.035411       -0.037277             NaN       NaN              NaN      -0.160886  -0.804212      0.056422      0.139366       0.565093           0.596930
49340 2018-05-16 03:00:00   0.003856         NaN  16.457109  115.653712 -0.003841  0.006448 -0.005172    0.030058         NaN    0.025718       -0.029181             NaN       NaN              NaN      -0.016570   0.330523      0.554911      0.114566      -0.711780          -0.711847
49339 2018-05-16 04:00:00   0.007911         NaN  25.333301  114.229161 -0.007849  0.002836 -0.008794    0.018361         NaN    0.014456       -0.018030             NaN       NaN              NaN       0.120813   0.674851      0.243862      0.081287       0.285576           0.279870
49338 2018-05-16 05:00:00  -0.001091         NaN  24.936611  111.954221  0.001092  0.003434 -0.006587    0.015395         NaN    0.012734       -0.015162             NaN       NaN              NaN       0.150075  -0.109007      0.233673      0.657320      -0.017205          -0.015522
49337 2018-05-16 06:00:00   0.002238   -0.057452  27.443645  110.401062 -0.002233  0.003437 -0.007512    0.009811         NaN    0.008568       -0.009715             NaN       NaN              NaN       0.200454   0.203969      0.313934      0.482097      -0.052667          -0.055707
49336 2018-05-16 07:00:00  -0.000705   -0.057903  27.135460  105.458844  0.000706  0.002673 -0.002332    0.007374         NaN    0.007593       -0.007320             NaN -0.015410              NaN       0.217080  -0.140985      0.393108      0.465906      -0.480105          -0.480643
49335 2018-05-16 08:00:00  -0.003099   -0.059691  25.767236  102.300355  0.003108  0.006550 -0.000911    0.007428         NaN    0.008774       -0.007373             NaN -0.015399              NaN       0.202636  -0.416558      0.461300      0.122142       0.479818           0.480921
49334 2018-05-16 09:00:00   0.004383   -0.053382  31.046699   99.025329 -0.004363  0.002484 -0.004363    0.000223         NaN    0.003578       -0.000223             NaN -0.014764              NaN       0.270889   0.637201      0.362799      0.000000      -0.595391          -0.595627
49333 2018-05-16 10:00:00   0.015489   -0.048292  45.785888  107.563520 -0.015252  0.010098 -0.016011   -0.016045         NaN   -0.009597        0.016307             NaN -0.012717              NaN       0.497854   0.584187      0.386759      0.029054       4.107904           4.019302
49332 2018-05-16 11:00:00   0.000223   -0.044178  45.968057  104.840412 -0.000223  0.007935 -0.000358   -0.015707         NaN   -0.008033        0.015958             NaN -0.011125              NaN       0.514137   0.026930      0.956797      0.016273      -0.650439          -0.651171
49331 2018-05-16 12:00:00  -0.000946   -0.045082  45.274185  100.401811  0.000947  0.004067 -0.001038   -0.012006         NaN   -0.005804        0.012152             NaN -0.009838              NaN       0.515790  -0.185480      0.611241      0.203279       0.131059           0.133797
49330 2018-05-16 13:00:00  -0.022127   -0.066129  32.809839  110.132396  0.022627  0.024663 -0.004265    0.010535         NaN    0.013657       -0.010426             NaN -0.010712              NaN       0.204018  -0.782192      0.070363      0.147445       1.841557           1.890473
49329 2018-05-16 14:00:00   0.005502   -0.034372  37.328402  106.287939 -0.005472  0.000597 -0.006249    0.004952         NaN    0.006635       -0.004928             NaN -0.010602              NaN       0.309016   0.799325      0.087196      0.113479      -0.659110          -0.657954
49328 2018-05-16 15:00:00   0.007392   -0.027523  42.913225  110.516658 -0.007338  0.011042 -0.008931   -0.001633         NaN   -0.000615        0.001635             NaN -0.009780        -0.011752       0.449091   0.367394      0.552843      0.079763       0.588042           0.567992
49327 2018-05-16 16:00:00  -0.001497   -0.030676  42.089439  111.772611  0.001499  0.006732 -0.008751    0.000282         NaN    0.000723       -0.000282             NaN -0.009218        -0.011259       0.443520  -0.096799      0.338017      0.565183      -0.428430          -0.425285
49326 2018-05-16 17:00:00   0.002901   -0.029128  44.317447  110.867424 -0.002892  0.006339 -0.005604   -0.001835         NaN   -0.001777        0.001839             NaN -0.008405        -0.010663       0.524198   0.242180      0.530777      0.227043       2.348905           2.329024
49325 2018-05-16 18:00:00  -0.002110   -0.028940  43.017099  108.697608  0.002115  0.008099 -0.001622    0.001150         NaN    0.000273       -0.001149             NaN -0.007879        -0.010124       0.502683  -0.217543      0.615604      0.166853      -0.778949          -0.779074
49324 2018-05-16 19:00:00  -0.003281   -0.035401  41.006498  109.831350  0.003292  0.015094  0.000000    0.004559         NaN    0.002918       -0.004538             NaN -0.007649        -0.009656       0.451243  -0.218110      0.781890      0.000000       0.057358           0.058977
49323 2018-05-16 20:00:00   0.005993   -0.024661  45.958296  107.644111 -0.005957  0.001105 -0.008436   -0.002257         NaN   -0.002501        0.002262             NaN -0.006843        -0.009047       0.661777   0.624416      0.115768      0.259816       0.424140           0.432046
49322 2018-05-16 21:00:00  -0.000762   -0.023130  45.432689  103.640246  0.000763  0.002906 -0.003312   -0.002425         NaN   -0.001424        0.002431             NaN -0.006235        -0.008490       0.646024  -0.122698      0.344640      0.532661      -0.672705          -0.674117
49321 2018-05-16 22:00:00  -0.002242   -0.021602  43.845895  104.879514  0.002247  0.014617  0.000000   -0.001245         NaN    0.000671        0.001246             NaN -0.005875        -0.007982       0.550235  -0.153732      0.846268      0.000000       2.116459           2.097927
49320 2018-05-16 23:00:00   0.008377   -0.015150  50.751484  104.197406 -0.008308  0.003114 -0.008308   -0.007546         NaN   -0.006253        0.007603             NaN -0.004806        -0.007294       0.828302   0.727368      0.272632      0.000000      -0.411325          -0.410249
49319 2018-05-17 00:00:00   0.001403   -0.011545  51.828852  102.841163 -0.001401  0.004988 -0.005207   -0.007341         NaN   -0.006255        0.007396             NaN -0.003836        -0.006594       0.840999   0.137425      0.489262      0.373313      -0.195025          -0.198618
49318 2018-05-17 01:00:00   0.002010    0.005863  53.403772  100.621080 -0.002006  0.001365 -0.007203   -0.008266         NaN   -0.006749        0.008335             NaN -0.002870        -0.005839       0.870049   0.234114      0.159281      0.606605       0.504062           0.506525
49317 2018-05-17 02:00:00  -0.000774    0.028916  52.688229   97.000288  0.000774  0.003750 -0.002217   -0.006361         NaN   -0.004892        0.006401             NaN -0.002151        -0.005105       0.807593  -0.129782      0.498698      0.371520       0.161883           0.158326
49316 2018-05-17 03:00:00  -0.000227    0.024732  52.466253  102.115268  0.000227  0.015930 -0.004223   -0.005307         NaN   -0.003818        0.005335             NaN -0.001579        -0.004401       0.770954  -0.011269      0.779195      0.209537       1.409936           1.400441
49315 2018-05-17 04:00:00  -0.006209    0.010376  46.675927   99.552034  0.006248  0.007965  0.000000    0.001328         NaN    0.001969       -0.001326             NaN -0.001619        -0.003866       0.532304  -0.784388      0.215612      0.000000      -0.834627          -0.833514
49314 2018-05-17 05:00:00   0.005885    0.017432  52.044243   99.287603 -0.005850  0.000909 -0.010552   -0.003203         NaN   -0.003185        0.003214             NaN -0.001147        -0.003304       0.729175   0.510485      0.079291      0.410224       2.378420           2.385547
49313 2018-05-17 06:00:00  -0.002336    0.012788  49.884441   95.547060  0.002342  0.004584 -0.001039   -0.000366         NaN   -0.000696        0.000366             NaN -0.000960        -0.002842       0.648960  -0.416454      0.398764      0.184783      -0.478568          -0.479901